123
456
789123
456
789123
456
789123
456
789123
456
789123
456
789123
456
789123
456
789123
456
789123
456
789123
456
789123
456
789123
456
789123
456
789123
456
789123
456
789123
456
789123
456
789123
456
789123
456
789123
456
789123
456
789123
456
789123
456
789123
456
789123
456
789123
456
789123
456
789123
456
789123
456
789123
456
789123
456
789123
456
789123
456
789123
456
789123
456
789123
456
789123
456
789123
456
789123
456
789123
456
789123
456
789123
456
789123
456
789123
456
789123
456
789123
456
789123
456
789123
456
789123
456
789123
456
789123
456
789123
456
789123
456
789123
456
789123
456
789123
456
789123
456
789123
456
789123
456
789123
456
789123
456
789123
456
789123
456
789123
456
789123
456
789123
456
789123
456
789123
456
789123
456
789123
456
789123
456
789123
456
789123
456
789123
456
789123
456
789123
456
789123
456
789123
456
789123
456
789123
456
789123
456
789123
456
789123
456
789123
456
789123
456
789123
456
789123
456
789123
456
789123
456
789123
456
789123
456
789123
456
789123
456
789123
456
789123
456
789123
456
789123
456
789123
4589123
456
789123
456
789123
456
789123
456
789123
456
789123
456
789123
456
789123
456
789123
456
789123
456
789123
456
789123
456
789123
456
789123
456
789123
456
789
